0.582397
0.436260
0.264554
0.221093
0.311110
0.812304
0.144973
0.719243
0.481024
0.322189
0.396737
0.951024
0.366353
0.372943
0.575775
0.664218
0.952771
0.271208
0.883031
0.059936
0.855152
0.242029
0.973656
0.010556
0.358795
0.972359
0.471408
0.816160
0.707613
0.477137
0.914651
0.460837
0.651587
0.951149
0.227446
0.989579
0.572209
0.484452
0.453338
0.997771
0.393528
0.417215
0.700391
0.693271
0.381030
0.589499
0.343126
0.802659
0.468163
0.804526
0.294784
0.453360
0.060169
0.579042
0.788034
0.066529
0.656305
0.792095
0.021907
0.366934
0.621618
0.637523
0.919873
0.411858
0.821543
0.919051
0.436187
0.487734
0.835907
0.899686
0.062540
0.553191
0.068352
0.669147
0.137001
0.667961
0.960294
0.506855
0.875858
0.284395
0.854462
0.747513
0.582204
0.498790
0.657074
0.661065
0.235732
0.814112
0.039841
0.431973
0.325911
0.859854
0.167836
0.726307
0.968333
0.901337
0.592984
0.495113
0.496323
0.452790
0.274112
0.361086
0.010829
0.466805
0.478926
0.132300
0.291995
0.958099
0.592495
0.732987
0.869786
0.596594
0.621356
0.770809
0.048458
0.084100
0.545025
0.456846
0.737231
0.156310
0.237904
0.780614
0.063038
0.173528
0.666719
0.003634
0.618962
0.257564
0.428495
0.705009
0.128109
0.010138
0.716107
0.233777
0.263580
0.102133
0.190859
0.931375
0.486435
0.956179
0.332698
0.623579
0.070813
0.797257
0.374763
0.009820
0.705395
0.742259
0.767565
0.106572
0.991866
0.923432
0.852041
0.131452
0.568479
0.673217
0.925642
0.196718
0.977447
0.444598
0.001475
0.064868
0.565401
0.720350
0.139168
0.804302
0.455490
0.774334
0.324958
0.373820
0.021363
0.127054
0.421341
0.127021
0.742991
0.398702
0.143679
0.843879
0.060736
0.383667
0.724847
0.728353
0.839457
0.415471
0.280974
0.525018
0.987612
0.026396
0.249294
0.207329
0.828126
0.815604
0.363992
0.843079
0.353812
0.575597
0.342176
0.145745
0.482103
0.079893
0.538671
0.096777
0.922876
0.331294
0.127272
0.057337
0.940004
0.733147
0.388278
0.783324
0.378920
0.940252
0.752759
0.361609
0.092319
0.588914
0.074177
0.595540
0.692855
0.573687
0.123142
0.664015
0.112819
0.386874
0.241361
0.575648
0.827757
0.015151
0.895965
0.617854
0.711606
0.220051
0.120443
0.239897
0.854040
0.827620
0.278449
0.124905
0.700081
0.243375
0.577965
0.438402
0.463527
0.046905
0.626487
0.923268
0.181198
0.154596
0.230240
0.647924
0.898160
0.362443
0.650846
0.938668
0.171797
0.967998
0.371829
0.809187
0.931606
0.051542
0.813668
0.309117
0.060180
0.717804
0.993478
0.335841
0.408631
0.326407
0.434814
0.160715
0.947799
0.695718
0.940277
0.998772
0.723020
0.246951
0.090895
0.016542
0.629482
0.699152
0.435293
0.356345
0.494315
0.557798
0.351762
0.685257
0.895358
0.019130
0.624486
0.726906
0.440751
0.755611
0.662481
0.168588
0.144651
0.661690
0.474531
0.777261
0.644654
0.474526
0.072562
0.918905
0.434675
0.067984
0.143378
0.938047
0.309399
0.088801
0.244981
0.316427
0.134336
0.881025
0.660879
0.242112
0.148618
0.646744
0.246759
0.030178
0.854372
0.385927
0.775663
0.393314
0.552898
0.065606
0.111009
0.439397
0.098222
0.522182
0.986495
0.353329
0.264475
0.000706
0.799054
0.910698
0.181541
0.896845
0.508455
0.406139
0.180316
0.815493
0.710676
0.164247
0.527372
0.501797
0.631518
0.428030
0.513012
0.677672
0.321006
0.359346
0.748603
0.090724
0.616482
0.501865
0.758311
0.503409
0.683215
0.024929
0.769616
0.919361
0.498805
0.524290
0.788785
0.306104
0.505939
0.845990
0.741251
0.331350
0.505821
0.363031
0.263351
0.433999
0.495302
0.674947
0.625943
0.939515
0.178425
0.681242
0.446968
0.157004
0.504625
0.355358
0.909051
0.851077
0.636518
0.911108
0.477320
0.355195
0.911993
0.525947
0.807167
0.629315
0.507117
0.083101
0.860140
0.088464
0.590021
0.030754
0.683160
0.649841
0.229076
0.606918
0.199025
0.926994
0.579163
0.337551
0.750804
0.844447
0.566629
0.589616
0.371144
0.554058
0.459082
0.326344
0.281883
0.447151
0.874179
0.386980
0.447307
0.358162
0.872424
0.667874
0.842726
0.748993
0.274405
0.494304
0.396322
0.406648
0.676313
0.173835
0.195587
0.529136
0.489784
0.875915
0.348055
0.644611
0.370654
0.766574
0.679921
0.806216
0.346620
0.086212
0.003131
0.216575
0.100235
0.080812
0.829340
0.211195
0.391481
0.483167
0.637523
0.650618
0.870605
0.008013
0.522742
0.074399
0.142261
0.556278
0.612988
0.364398
0.370027
0.674487
0.017225
0.610613
0.147411
0.561857
0.450625
0.501185
0.092666
0.236883
0.981751
0.389181
0.949542
0.258019
0.859222
0.855729
0.163808
0.155080
0.019560
0.120940
0.356340
0.066329
0.882261
0.983732
0.295036
0.280041
0.830854
0.924704
0.365319
0.671053
0.718727
0.429350
0.557734
0.759735
0.897370
0.096735
0.119339
0.013564
0.630130
0.704682
0.781136
0.708111
0.790493
0.983325
0.427495
0.211127
0.917466
0.085428
0.479953
0.209040
0.565375
0.397149
0.702971
0.883824
0.459402
0.874125
0.050086
0.047391
0.257581
0.828856
0.330262
0.512357
0.929820
0.894848
0.855800
0.745064
0.297940
0.421779
0.805361
0.955894
0.976596
0.998650
0.742398
0.354228
0.949605
0.735902
0.780441
0.213134
0.969671
0.577095
0.668200
0.770704
0.783300
0.234815
0.773800
0.428001
0.802189
0.666951
0.619473
0.772199
0.449362
0.165974
0.430323
0.860666
0.751765
0.984028
0.406625
0.551076
0.984892
0.674215
0.744642
0.598771
0.609071
0.255342
0.062583
0.548205
0.962292
0.768782
0.598447
0.204079
0.665910
0.970392
0.712381
0.595812
0.852026
0.057468
0.662905
0.385351
0.706291
0.850400
0.104214
0.977121
0.552412
0.521400
0.111775
0.465421
0.369599
0.874102
0.542042
0.959841
0.620265
0.115849
0.237310
0.788097
0.401060
0.521065
0.025491
0.413050
0.796574
0.408468
0.421011
0.177625
0.972790
0.125465
0.981431
0.593512
0.207749
0.618095
0.676839
0.109463
0.381274
0.179927
0.140176
0.857591
0.547707
0.582184
0.503468
0.381403
0.294766
0.610292
0.422900
0.465215
0.933440
0.113572
0.751480
0.491842
0.383506
0.907786
0.326806
0.994066
0.848463
0.757680
0.031587
0.498461
0.421670
0.517121
0.427340
0.960276
0.363505
0.078561
0.596665
0.520693
0.441365
0.683723
0.251525
0.394991
0.259869
0.718304
0.805414
0.146090
0.880863
0.927162
0.185021
0.422243
0.571131
0.420187
0.223058
0.596063
0.438001
0.851602
0.271485
0.673941
0.069701
0.799660
0.244110
0.989052
0.881004
0.681643
0.716155
0.781720
0.782823
0.288457
0.698233
0.800676
0.384972
0.541534
0.733684
0.818258
0.091906
0.372933
0.472635
0.419535
0.070401
0.379482
0.436971
0.380464
0.948868
0.476820
0.432097
0.589817
0.026141
0.699019
0.324671
0.069173
0.692087
0.030708
0.111282
0.042652
0.624738
0.871846
0.431936
0.338377
0.622498
0.590582
0.464007
0.273632
0.895854
0.682332
0.542293
0.446886
0.724569
0.923544
0.961466
0.530150
0.670893
0.072878
0.753519
0.317527
0.104301
0.181728
0.955576
0.598500
0.009408
0.915603
0.150775
0.643799
0.664290
0.505119
0.120839
0.510913
0.532403
0.445404
0.675309
0.604477
0.204449
0.327694
0.601948
0.664551
0.002108
0.123721
0.789680
0.480895
0.455787
0.269043
0.769324
0.389570
0.202069
0.787353
0.650938
0.741878
0.318246
0.520925
0.153265
0.880460
0.205204
0.546352
0.379968
0.672070
0.748659
0.681101
0.559994
0.321433
0.694844
0.668835
0.293393
0.340467
0.472811
0.640888
0.485824
0.119603
0.239470
0.963156
0.522576
0.860859
0.914121
0.754502
0.132307
0.477907
0.752279
0.230303
0.001788
0.312614
0.022021
0.952725
0.210975
0.367395
0.436611
0.076695
0.180905
0.910578
0.465220
0.006861
0.378925
0.230990
0.467204
0.311542
0.091031
0.857108
0.283038
0.159441
0.644989
0.723879
0.275766
0.281207
0.110090
0.316921
0.312072
0.421625
0.336346
0.020067
0.167490
0.154139
0.652735
0.541281
0.990759
0.742765
0.108447
0.480065
0.852619
0.863029
0.595490
0.873104
0.640773
0.709536
0.805985
0.092364
0.563531
0.745094
0.764180
0.903894
0.195969
0.669102
0.533823
0.620710
0.722346
0.874590
0.513529
0.139563
0.183771
0.668849
0.364859
0.720451
0.771102
0.907700
0.043546
0.974542
0.274837
0.515224
0.047886
0.927670
0.604763
0.958356
0.479494
0.287808
0.337621
0.749975
0.378843
0.225466
0.297585
0.321835
0.539352
0.742798
0.080389
0.405532
0.815497
0.995001
0.249529
0.008739
0.787276
0.077823
0.795216
0.515519
0.724905
0.370756
0.750584
0.238626
0.490838
0.052870
0.731516
0.808433
0.856396
0.570523
0.589373
0.197798
0.293871
0.900144
0.641296
0.467772
0.576913
0.192505
0.042838
0.591227
0.771931
0.089805
0.433506
0.128569
0.149808
0.355954
0.084402
0.433173
0.214052
0.895365
0.944948
0.411290
0.692726
0.760049
0.912385
0.391709
0.083243
0.647299
0.417875
0.708106
0.738779
0.119671
0.563110
0.512609
0.213085
0.006441
0.128028
0.087894
0.046966
0.649679
0.596175
0.030498
0.711459
0.954272
0.431078
0.136521
0.617151
0.259984
0.949654
0.388022
0.599864
0.813096
0.891795
0.783763
0.593913
0.248170
0.790859
0.710784
0.558786
0.103501
0.153649
0.853889
0.967191
0.205807
0.856494
0.582189
0.962380
0.099080
0.532254
0.002095
0.126882
0.637552
0.507423
0.246330
0.334397
0.206618
0.874259
0.923405
0.878787
0.274503
0.501545
0.843888
0.832250
0.564558
0.679407
0.352830
0.695210
0.041909
0.832107
0.676452
0.468819
0.041379
0.133659
0.984340
0.279214
0.699686
0.616727
0.882868
0.099453
0.994094
0.124027
0.311691
0.585306
0.943645
0.817526
0.979275
0.231362
0.031186
0.744908
0.162876
0.130465
0.637970
0.629057
0.000258
0.050332
0.542327
0.361735
0.301014
