0.696855
0.870855
0.645916
0.477764
0.195862
0.799732
0.855848
0.276030
0.445196
0.138062
0.092371
0.758736
0.919075
0.527614
0.060303
0.442211
0.841346
0.251736
0.550185
0.964957
0.129393
0.536441
0.427083
0.641915
0.356536
0.082813
0.189307
0.571696
0.442462
0.635045
0.486952
0.500825
0.669877
0.115920
0.718895
0.606777
0.433451
0.733493
0.991181
0.717697
0.615920
0.911557
0.973868
0.474697
0.407221
0.015460
0.220505
0.661041
0.570344
0.862343
0.434799
0.889033
0.494658
0.391567
0.019059
0.020755
0.634707
0.196456
0.494484
0.418964
0.433608
0.993059
0.578579
0.284795
0.561062
0.427920
0.119260
0.483972
0.922018
0.647085
0.128415
0.061960
0.714782
0.776005
0.105655
0.004840
0.436416
0.513859
0.489411
0.630566
0.670055
0.907158
0.401856
0.879368
0.601597
0.432284
0.313661
0.208949
0.850131
0.422750
0.964645
0.824922
0.775767
0.174773
0.435435
0.246491
0.874805
0.725962
0.265578
0.584937
0.419203
0.550726
0.123893
0.854606
0.370216
0.652574
0.875944
0.967777
0.580280
0.626963
0.010173
0.240715
0.575508
0.022255
0.834125
0.079575
0.368493
0.372562
0.811738
0.771363
0.702057
0.087760
0.823220
0.998097
0.547402
0.094782
0.483344
0.398335
0.930588
0.084960
0.541051
0.365199
0.356716
0.166324
0.302905
0.465807
0.350855
0.013054
0.710558
0.525237
0.515085
0.180503
0.709366
0.867977
0.016742
0.654674
0.406323
0.709932
0.860145
0.922307
0.257729
0.586009
0.016010
0.081352
0.615059
0.266430
0.933457
0.668241
0.581116
0.172812
0.974704
0.630259
0.426482
0.376962
0.662344
0.648585
0.472934
0.135514
0.723822
0.996229
0.833006
0.925850
0.346015
0.923118
0.086867
0.903950
0.542768
0.713233
0.775301
0.357683
0.774231
0.022822
0.415481
0.288912
0.075335
0.753368
0.510148
0.863383
0.882940
0.406193
0.293057
0.793768
0.505838
0.538860
0.957821
0.241956
0.739195
0.248891
0.050431
0.236183
0.255704
0.116210
0.609730
0.077087
0.510440
0.934204
0.816127
0.119110
0.887081
0.820611
0.387001
0.163777
0.915527
0.150542
0.518210
0.056394
0.709867
0.013532
0.825849
0.713431
0.524133
0.540322
0.990659
0.029038
0.173094
0.036271
0.362705
0.814320
0.293819
0.444888
0.134653
0.443339
0.599477
0.009265
0.427326
0.711040
0.192311
0.611309
0.912765
0.619715
0.105403
0.068142
0.368878
0.400730
0.500519
0.241713
0.297185
0.152184
0.132311
0.305303
0.270031
0.382744
0.846060
0.350736
0.317350
0.419383
0.640706
0.258357
0.007659
0.252338
0.337442
0.499106
0.093448
0.046687
0.618316
0.763922
0.317945
0.227240
0.351694
0.779755
0.953680
0.368038
0.460513
0.331302
0.239945
0.945674
0.331059
0.545548
0.157964
0.775606
0.560145
0.738869
0.849239
0.579578
0.025782
0.440073
0.991786
0.129628
0.065344
0.714358
0.825385
0.954253
0.011097
0.118294
0.785881
0.603347
0.374809
0.840973
0.037527
0.162466
0.113626
0.443672
0.133106
0.425348
0.389978
0.367347
0.511505
0.947436
0.274246
0.585904
0.985700
0.587909
0.668024
0.802627
0.534597
0.432731
0.681585
0.188163
0.641259
0.533692
0.626488
0.534099
0.656531
0.610096
0.834089
0.657235
0.368321
0.218639
0.853479
0.569320
0.154861
0.298532
0.399402
0.545312
0.317783
0.968888
0.814987
0.902049
0.359372
0.210221
0.164636
0.043770
0.102938
0.078430
0.073096
0.951552
0.582675
0.861320
0.134413
0.622013
0.525750
0.900658
0.740895
0.467401
0.918915
0.754701
0.609387
0.331643
0.261239
0.466367
0.991937
0.333754
0.887484
0.656551
0.685048
0.475619
0.387175
0.822656
0.292657
0.575752
0.538969
0.944179
0.702321
0.621220
0.665687
0.608451
0.037179
0.150044
0.617559
0.895247
0.962042
0.404193
0.671780
0.796813
0.753552
0.466148
0.839625
0.208452
0.045986
0.920181
0.034406
0.636733
0.387834
0.415135
0.380429
0.242767
0.046613
0.034515
0.402758
0.749744
0.184583
0.450989
0.652617
0.699459
0.205519
0.275357
0.996658
0.229480
0.598833
0.347897
0.889775
0.119314
0.700314
0.152517
0.865372
0.602618
0.946888
0.438503
0.547622
0.851734
0.442112
0.918061
0.955879
0.463371
0.077974
0.652241
0.579265
0.746235
0.896551
0.580279
0.173704
0.663830
0.863433
0.036719
0.570722
0.685397
0.837358
0.774503
0.433899
0.084023
0.472245
0.761440
0.099161
0.947526
0.762517
0.845313
0.341645
0.409542
0.424197
0.805500
0.428827
0.813757
0.812428
0.663779
0.773504
0.076828
0.321900
0.838601
0.639630
0.206223
0.693066
0.073342
0.334300
0.368867
0.283368
0.599630
0.303060
0.067010
0.009865
0.378402
0.027771
0.271198
0.552570
0.607770
0.157660
0.439473
0.881310
0.649147
0.403066
0.117712
0.312589
0.406134
0.723974
0.337071
0.194766
0.646363
0.047654
0.422159
0.622365
0.870733
0.090928
0.958425
0.235546
0.840076
0.913774
0.316553
0.041619
0.401490
0.145774
0.831927
0.133698
0.099945
0.231676
0.718294
0.160210
0.967395
0.475632
0.579508
0.221093
0.895113
0.800766
0.701934
0.502888
0.110943
0.741986
0.307263
0.562285
0.621699
0.205078
0.126091
0.766007
0.229508
0.332951
0.399413
0.497640
0.300437
0.254367
0.219249
0.624048
0.201352
0.630599
0.517905
0.824738
0.910961
0.657375
0.859732
0.447557
0.842510
0.174570
0.418404
0.721599
0.871695
0.516022
0.717408
0.014904
0.922236
0.664553
0.459373
0.199197
0.904242
0.722418
0.709128
0.203021
0.279373
0.367605
0.759361
0.496129
0.150718
0.395907
0.274847
0.467148
0.759243
0.304625
0.626009
0.521049
0.800401
0.864475
0.438037
0.299816
0.761956
0.031211
0.587420
0.576003
0.185314
0.217317
0.555203
0.916246
0.662789
0.544240
0.596784
0.079878
0.744389
0.809495
0.676580
0.781664
0.304552
0.394144
0.487010
0.603739
0.972551
0.068013
0.293026
0.027296
0.599337
0.803698
0.983315
0.769138
0.949213
0.721978
0.847468
0.156563
0.635663
0.184524
0.173503
0.746732
0.430026
0.878469
0.101023
0.676123
0.447841
0.758195
0.336811
0.164789
0.396103
0.669255
0.743051
0.010197
0.250575
0.001590
0.355452
0.953908
0.348983
0.841633
0.027528
0.540300
0.928095
0.278530
0.356810
0.218853
0.655592
0.598625
0.697985
0.677722
0.183810
0.798701
0.670858
0.894983
0.116997
0.538899
0.410544
0.210662
0.718131
0.231835
0.024864
0.632329
0.030687
0.526383
0.426211
0.290613
0.570884
0.831843
0.401109
0.391715
0.356051
0.265587
0.842750
0.395237
0.862858
0.986151
0.284052
0.729870
0.284175
0.344936
0.128278
0.264443
0.577131
0.388168
0.584226
0.039403
0.933095
0.022009
0.001837
0.596786
0.432019
0.879309
0.494176
0.113867
0.113912
0.952555
0.738371
0.100970
0.223246
0.072710
0.797060
0.205877
0.507575
0.475873
0.169378
0.322621
0.159326
0.598917
0.703799
0.041384
0.838734
0.178596
0.754687
0.975595
0.411250
0.389223
0.529255
0.367999
0.509091
0.798021
0.641791
0.765892
0.369650
0.235677
0.333616
0.917431
0.401017
0.620758
0.525716
0.993105
0.486540
0.447442
0.166768
0.362092
0.062053
0.425578
0.629204
0.174987
0.116415
0.307978
0.096476
0.080217
0.709843
0.221211
0.838774
0.187227
0.607774
0.327063
0.478548
0.592758
0.573613
0.389735
0.008956
0.639670
0.471641
0.025823
0.725688
0.228047
0.173198
0.156358
0.558271
0.206003
0.303433
0.846894
0.659323
0.009170
0.233716
0.269073
0.675287
0.120237
0.392943
0.795025
0.402827
0.200455
0.061459
0.976973
0.391748
0.731208
0.991146
0.403007
0.948106
0.406407
0.964333
0.016829
0.571955
0.966042
0.920673
0.440231
0.898915
0.013592
0.029670
0.266870
0.452549
0.923510
0.807095
0.728006
0.491122
0.725338
0.565118
0.393887
0.643713
0.255573
0.011238
0.109718
0.473980
0.552174
0.158719
0.870167
0.097863
0.954658
0.609933
0.915623
0.538262
0.958936
0.780235
0.626835
0.919004
0.657300
0.471056
0.197684
0.772299
0.946594
0.347268
0.720312
0.466278
0.507033
0.057036
0.469136
0.822579
0.112825
0.253433
0.651257
0.666073
0.897688
0.811220
0.655002
0.212134
0.831649
0.681517
0.815749
0.208564
0.958842
0.806413
0.060816
0.803583
0.098966
0.775599
0.795647
0.993534
0.152039
0.583971
0.753858
0.128875
0.565296
0.798433
0.882303
0.468329
0.984642
0.342335
0.300799
0.113997
0.959060
0.006715
0.571382
0.810486
0.178518
0.674475
0.360669
0.046670
0.580964
0.702414
0.940425
0.833321
0.219787
0.085931
0.404250
0.988372
0.996315
0.135054
0.903932
0.537734
0.562336
0.504050
0.068210
0.729955
0.619973
0.451356
0.098122
0.840215
0.049898
0.515639
0.337250
0.103583
0.373493
0.279086
0.052379
0.858544
0.641959
0.122773
0.564433
0.908989
0.273988
0.871897
0.791473
0.193883
0.639676
0.359475
0.139844
0.894425
0.694142
0.370447
0.612750
0.870197
0.648549
0.742246
0.277581
0.858985
0.328812
0.019673
0.182359
0.122229
0.554101
0.579365
0.114313
0.037538
0.969100
0.775559
0.369079
0.737446
0.334177
0.366085
0.607430
0.401632
0.062164
0.503999
0.572416
0.493534
0.375297
0.979280
0.722597
0.392938
0.826668
0.180263
0.986643
0.728114
0.468849
0.113511
0.987372
0.652632
0.776715
0.143817
0.217774
0.345250
0.993962
0.206344
0.627519
0.755635
0.310916
0.113002
0.985793
0.682309
0.481945
0.993367
0.948067
0.497170
0.089961
0.900417
0.970775
0.512701
0.051275
0.015206
0.264918
0.104964
0.631443
0.722833
0.180048
0.796904
0.745022
0.178998
0.044662
0.729578
0.022615
0.843730
0.511562
0.529666
0.865252
0.332426
0.449558
0.116641
0.838663
0.866756
0.530474
0.670853
0.580373
0.599335
0.716510
0.014465
0.366304
0.472750
0.792357
0.251170
0.706642
0.563301
0.383236
0.446656
0.337308
0.035820
0.260155
0.013487
0.607615
0.129421
0.344481
0.444808
0.455789
0.200813
0.350745
0.792549
